image: /home/team4/maps/playground.pgm
resolution: 0.050000
origin: [-10.388081, -10.724824, 0.000000]
negate: 0
occupied_thresh: 0.65
free_thresh: 0.196

